42,31,20,46,27,51,18,60,33,55,58,28,61,12,29,36,35,53,45,62,21,54,38,44,43,11,37,52,19,50,39,49,41,22,13,10,9,47,57,10,25,59,12,57,14,17,11,0,34,23,9,0,0
42,31,20,46,49,33,27,28,18,34,29,36,35,41,50,44,58,62,43,60,38,37,54,52,22,45,21,19,53,47,51,11,25,12,10,13,59,23,14,15,26,12,63,9,61,30,39,23,55,37,45,31,60,33,0,44,46,36,28,13,52,44,36,11,44,0,0
42,31,37,45,62,20,35,46,21,29,53,44,28,30,26,36,58,50,51,52,49,18,27,33,25,13,41,60,12,43,19,11,14,63,47,38,22,54,23,55,34,59,50,61,17,10,9,39,10,37,20,53,0,11,0,0
42,60,18,43,35,45,37,38,58,21,34,59,44,46,26,53,51,30,29,20,54,23,39,47,61,52,19,11,49,36,50,28,27,12,10,43,25,44,33,31,9,62,14,13,22,55,0,0
42,31,37,45,62,20,35,46,21,29,53,44,28,30,26,36,58,50,51,52,49,18,27,54,50,59,60,19,33,17,59,10,61,43,55,22,39,38,12,13,34,47,15,25,0,0
42,31,20,46,49,33,27,28,18,34,29,36,35,41,50,44,58,62,43,60,38,37,54,52,22,51,53,59,19,30,12,23,25,21,13,14,26,61,41,55,0,47,33,45,54,53,11,39,10,22,17,63,0,0
42,31,20,46,49,33,27,28,37,30,60,43,29,18,36,45,44,55,34,51,11,13,25,17,41,52,58,35,62,22,53,12,38,10,26,19,14,21,28,39,54,15,47,46,63,11,47,59,45,23,50,51,43,59,46,0,0
42,31,20,46,49,33,27,28,37,30,60,43,29,18,36,45,44,55,34,51,11,13,25,17,41,52,58,35,62,22,53,12,38,10,26,19,61,14,39,21,28,23,47,54,50,0,11,0,0
42,31,37,45,62,20,35,46,21,29,53,44,28,30,26,36,58,50,51,52,49,18,27,54,19,60,13,14,50,33,12,43,34,25,22,59,23,47,38,39,37,10,17,63,41,61,25,62,15,38,9,0,0
42,31,20,46,49,33,27,28,37,30,60,12,29,18,35,21,38,13,39,45,36,11,22,50,58,62,44,59,23,14,34,41,25,30,61,54,33,26,51,15,43,47,50,31,22,53,17,23,10,22,59,0,52,0,55,0,0
42,31,37,45,62,20,35,46,21,29,53,44,28,30,26,36,58,50,51,19,52,54,33,18,49,61,25,39,17,27,60,55,10,11,12,28,50,43,61,34,41,38,35,9,34,13,10,63,9,15,22,14,0,0
42,60,18,43,35,45,37,38,58,21,34,59,44,46,26,53,51,30,29,20,54,23,39,47,61,36,52,28,60,22,14,12,55,62,63,62,54,55,10,49,19,50,43,11,33,27,17,31,41,37,57,15,59,54,0,0
42,60,18,43,35,45,37,38,58,21,34,59,44,46,26,53,51,30,29,36,61,28,11,62,54,63,52,61,12,20,50,23,49,25,27,39,13,14,10,22,33,55,17,47,19,37,0,43,0,0
42,31,20,46,49,33,27,28,18,34,29,36,35,41,50,44,58,62,43,60,38,37,54,52,19,10,53,45,21,22,30,23,39,12,47,25,55,9,14,63,61,26,51,63,17,41,26,0,0
42,31,20,46,27,51,18,60,33,55,58,28,61,12,29,36,35,53,45,62,21,54,38,44,43,11,37,52,19,50,39,22,14,59,49,15,13,30,23,47,57,41,49,31,30,58,31,57,22,41,9,25,34,0,0
42,31,20,46,27,51,18,60,33,55,58,28,21,44,30,36,50,54,38,45,59,39,49,22,61,37,29,52,19,62,23,35,34,47,14,53,17,43,10,12,26,11,22,0,0
42,31,20,46,49,33,27,28,18,34,29,36,35,41,50,44,58,62,43,60,38,37,54,52,19,10,53,61,45,55,21,45,54,22,30,63,39,23,26,53,0,12,0,9,11,51,25,54,33,15,34,59,13,0,0
42,31,20,46,49,33,27,28,18,34,29,36,35,41,50,44,58,62,43,60,38,37,54,52,19,10,53,61,45,55,21,45,54,22,30,63,39,0,13,53,23,25,12,59,9,17,11,9,26,25,33,14,41,0,51,0,54,0,0
42,60,18,43,35,45,37,38,58,21,34,59,44,46,26,53,51,30,29,36,61,28,11,62,54,63,52,61,12,20,50,14,49,31,13,19,10,22,27,37,25,15,33,47,17,0,55,0,0
42,60,18,43,35,45,37,38,58,21,34,59,44,46,26,53,51,30,29,36,61,28,23,31,54,47,52,11,60,50,22,19,27,20,49,10,17,63,33,14,62,55,50,13,9,37,0,0
42,33,45,58,35,18,34,41,27,44,29,20,25,50,26,17,28,36,59,30,49,15,0,22,19,46,55,54,38,47,11,39,51,31,62,60,53,37,57,52,61,63,50,53,12,14,21,38,43,33,13,0,0
42,31,20,46,27,51,18,60,33,55,58,28,61,12,29,36,35,53,45,62,21,54,38,44,43,11,37,52,19,50,39,34,49,22,10,59,0,17,13,14,47,25,41,57,9,58,30,0,11,23,26,25,34,0,0
42,60,18,43,35,45,37,38,58,21,34,59,44,46,26,53,51,30,29,20,54,23,39,47,61,52,19,11,49,14,55,28,10,36,50,12,43,27,25,62,33,29,0,0
42,60,18,43,35,45,37,38,58,21,34,59,44,46,26,53,51,30,29,36,61,28,11,62,54,63,52,61,12,20,50,25,22,49,43,23,14,39,13,19,17,10,9,31,37,41,55,0,33,15,10,47,54,55,27,0,29,0,19,0,21,28,20,0,0
42,31,20,46,27,51,18,60,33,55,58,28,61,12,29,36,35,53,45,62,21,54,38,44,43,52,11,37,30,50,39,10,13,49,41,25,17,47,9,59,23,57,26,14,22,0,0
42,31,37,45,62,20,35,46,21,29,53,44,28,30,26,36,58,50,51,52,49,18,27,33,25,13,12,19,41,43,17,60,34,59,50,22,10,11,9,47,55,54,15,63,0,55,0,0
42,31,20,46,49,33,27,28,18,34,29,36,35,41,50,44,58,62,43,60,38,52,19,47,21,45,54,22,14,17,30,13,39,53,12,55,37,54,51,59,25,9,11,23,15,23,31,0,26,0,0
42,31,20,46,49,33,27,28,18,34,29,36,35,41,50,44,58,62,43,55,45,19,52,54,38,22,39,12,37,44,14,53,0,25,17,10,26,21,36,59,11,60,51,61,23,25,0,33,41,0,13,0,0
42,31,20,46,27,51,18,60,33,55,58,28,61,12,29,36,35,53,45,62,21,54,38,44,43,11,37,52,19,17,39,22,50,49,13,59,10,47,23,14,34,15,9,12,11,30,0,25,57,0,0
42,31,20,46,27,51,18,60,33,55,58,28,61,12,29,36,35,53,45,62,21,54,38,44,43,11,37,52,19,50,39,22,13,41,49,10,9,59,14,47,0,11,41,57,0,0
42,31,20,46,49,33,27,28,18,34,29,36,35,41,50,44,58,62,43,60,38,37,54,52,19,51,53,10,21,47,30,23,45,22,39,12,25,9,14,0,61,55,59,54,53,45,11,0,61,0,0
42,60,18,43,35,45,37,38,58,21,34,59,44,46,26,53,51,30,29,36,61,28,11,62,54,63,52,61,27,20,50,22,55,49,19,17,25,10,9,12,41,23,57,29,17,14,39,31,0,0
42,31,20,46,49,33,27,28,18,34,29,36,35,41,50,44,58,62,43,60,38,37,54,52,19,10,53,45,21,22,30,23,39,12,47,55,63,25,55,51,26,0,0
42,31,20,46,49,33,27,28,18,34,29,36,35,41,50,44,58,62,43,60,38,37,54,52,19,10,53,61,45,55,21,45,54,22,30,63,39,0,14,12,9,23,11,53,47,26,15,25,17,41,33,0,31,23,51,0,0
42,60,18,43,35,45,37,38,58,21,34,59,44,46,26,53,51,30,29,36,61,28,23,31,54,47,52,11,60,50,22,19,27,20,49,10,17,13,50,55,62,33,9,15,25,63,14,15,41,22,0,0
42,31,20,46,27,51,18,60,33,55,58,28,61,44,29,45,21,62,9,52,50,36,22,11,54,53,10,25,12,35,34,54,26,37,30,38,39,47,14,39,49,23,15,43,59,0,0
42,31,20,46,49,33,27,28,18,34,29,36,35,41,50,44,58,62,43,60,38,37,54,52,19,51,53,61,45,55,30,45,21,54,39,59,9,25,47,0,0
42,60,18,43,35,45,37,38,58,21,34,59,44,46,26,53,51,30,29,36,61,28,23,31,54,47,52,11,60,50,22,19,27,20,49,10,17,62,43,13,50,55,33,9,0,0
42,31,20,46,27,51,18,60,33,55,58,28,21,44,30,36,50,54,38,45,35,11,49,19,52,37,61,62,22,53,59,52,23,39,17,26,10,47,12,43,14,29,34,0,0
42,31,20,46,49,33,27,28,18,34,29,36,35,41,50,44,58,62,43,60,38,37,54,52,19,51,53,10,21,47,30,26,45,14,39,12,63,9,13,17,61,25,59,22,52,37,36,0,0
42,31,20,46,49,33,27,28,18,34,29,36,35,41,50,44,58,62,43,55,45,19,52,54,38,25,22,11,30,53,51,37,45,37,28,13,39,12,44,0,26,0,0
42,60,18,43,35,45,37,38,58,21,34,59,44,46,26,53,51,30,29,36,61,28,23,31,54,47,52,11,60,50,22,19,27,20,49,10,17,13,33,55,62,9,50,63,0,0
42,31,20,46,49,33,27,28,18,34,29,36,35,41,50,44,58,62,43,60,38,37,54,52,19,10,53,61,45,55,21,54,30,45,39,59,47,51,11,12,9,25,23,14,13,0,0
42,60,18,43,35,45,37,38,58,21,34,59,44,46,26,53,51,30,29,36,61,28,23,31,54,47,52,11,60,50,22,19,27,20,49,10,17,62,50,13,63,55,62,33,9,14,43,15,29,37,25,23,0,41,0,0
42,60,18,43,35,54,61,23,29,53,63,27,41,38,59,58,37,55,28,19,34,52,51,50,46,45,26,20,21,30,17,36,13,44,57,11,10,62,12,49,31,39,22,47,14,31,19,15,25,51,27,0,46,0,0
42,60,18,43,35,45,37,38,58,21,34,59,44,46,26,53,51,30,29,36,61,28,23,31,54,47,52,11,60,41,20,12,17,14,10,13,27,37,62,55,33,19,49,63,22,20,57,15,23,22,0,41,59,50,43,0,0
42,60,18,43,35,45,37,38,58,21,34,59,44,46,26,53,51,30,29,36,61,28,23,31,54,47,52,11,60,50,22,19,27,20,49,10,17,13,50,55,62,33,63,14,43,9,25,37,41,15,0,0
42,31,20,46,49,33,27,28,37,30,60,43,29,18,36,45,44,55,34,51,11,13,25,17,41,52,58,35,62,22,53,12,38,10,26,19,14,21,28,39,59,15,54,47,50,63,43,52,61,0,0
42,31,20,46,27,51,18,60,33,55,58,28,61,12,29,36,35,53,45,62,21,54,38,44,43,11,37,52,19,50,39,22,13,41,49,10,9,59,34,30,41,57,0,58,11,25,47,23,26,14,17,0,0
42,60,18,43,35,45,37,38,58,21,34,59,44,46,26,53,51,30,29,17,23,22,47,54,61,36,28,39,12,20,50,52,11,49,19,25,33,10,9,17,25,62,13,31,14,15,41,23,57,55,43,0,0
42,60,18,43,35,45,37,38,58,21,34,59,44,46,26,53,51,30,29,20,54,23,39,47,61,52,19,11,49,14,55,36,50,28,17,12,43,22,10,29,27,62,41,31,0,0
42,60,18,43,35,45,37,38,58,21,34,59,44,46,26,53,51,30,29,17,23,22,47,54,61,36,50,20,28,62,52,19,36,11,10,61,33,15,25,13,9,49,57,31,27,55,41,39,0,0
42,31,20,46,27,51,18,60,33,55,58,28,61,12,29,36,35,53,45,62,21,54,38,44,43,11,37,52,19,50,39,49,34,41,13,47,57,59,10,57,9,25,11,23,15,14,17,0,0
42,60,18,43,35,54,61,23,29,53,63,27,51,47,28,34,44,45,26,33,37,31,22,62,41,52,14,30,21,20,19,58,38,39,25,59,43,46,34,55,27,15,50,57,9,12,49,13,10,0,0
42,31,20,46,49,33,27,28,18,34,29,36,35,41,50,44,58,62,43,60,38,37,54,52,15,13,12,19,11,39,22,21,47,55,14,53,30,54,21,59,51,25,26,45,9,0,0
42,31,20,46,49,33,27,28,18,34,29,36,35,41,50,44,58,62,43,60,38,37,54,52,19,10,53,39,21,12,45,55,30,17,23,25,47,22,39,0,15,9,31,61,63,14,46,0,55,0,13,22,26,0,51,0,0
42,31,20,46,49,33,27,28,18,34,29,36,35,41,50,44,58,62,43,55,45,19,52,54,38,22,39,12,37,53,23,11,25,21,30,60,59,44,36,47,31,61,44,9,17,10,26,15,33,14,13,15,12,22,41,0,10,0,0
42,31,20,46,49,33,27,28,18,34,29,36,35,41,50,44,58,62,43,55,45,19,52,54,38,22,39,12,37,53,23,11,25,59,15,28,36,21,10,0,60,14,23,28,30,20,61,47,26,33,34,9,31,0,0
42,60,18,43,35,45,37,38,58,21,34,59,44,46,26,55,61,29,62,20,51,54,36,39,52,53,60,30,13,12,50,11,10,28,23,14,19,63,17,49,33,27,22,31,41,15,57,23,0,0
42,60,18,43,35,45,37,38,58,21,34,59,44,46,26,55,61,29,62,28,30,11,36,20,52,54,51,39,23,31,22,13,53,19,43,59,27,15,10,14,17,63,25,49,41,50,57,50,60,23,49,30,50,0,0
42,60,18,43,35,45,37,38,58,21,34,59,44,46,26,53,51,30,29,17,23,22,47,28,36,39,54,11,25,63,10,62,52,61,50,20,41,14,9,27,19,12,31,15,31,55,0,0
42,60,18,43,35,45,37,38,58,21,34,59,44,46,26,53,51,30,29,36,61,28,23,31,54,47,52,11,60,50,22,19,27,20,49,10,17,15,33,62,63,55,62,14,43,22,9,13,37,0,29,37,0,0
42,60,18,43,35,45,37,38,58,21,34,59,44,46,26,53,51,30,29,28,43,36,23,62,54,47,20,31,14,22,52,61,27,12,55,11,10,19,50,13,33,63,25,15,9,54,37,49,57,23,0,41,0,0
42,60,18,43,35,45,37,38,58,21,34,59,44,46,26,53,51,30,29,28,43,36,23,62,54,47,25,50,14,31,41,52,11,13,20,37,12,57,22,29,10,58,27,49,17,55,0,0
42,60,18,43,35,45,37,38,58,21,34,59,44,46,20,53,28,22,49,61,50,10,36,54,23,30,14,13,12,52,29,51,26,33,55,19,31,15,62,63,41,47,14,39,25,15,9,17,27,14,9,55,17,0,0
42,60,18,43,35,45,37,38,58,21,34,59,44,46,26,53,51,30,29,36,61,28,23,31,54,47,52,55,60,12,29,20,27,62,50,11,10,54,25,14,49,19,43,37,22,15,33,23,17,22,0,0
42,60,18,43,35,45,37,38,58,21,34,59,44,46,26,55,61,29,62,28,30,11,36,57,39,19,27,14,23,20,49,41,51,52,53,9,22,17,59,10,13,25,52,0,0
42,60,18,43,35,45,37,38,58,21,34,59,44,46,26,53,51,30,29,36,61,28,23,31,54,47,52,55,60,12,29,20,27,62,50,11,10,54,33,49,17,19,22,14,57,15,41,23,0,0
42,60,18,43,35,45,37,38,58,21,34,59,44,46,26,53,51,30,29,36,61,28,23,31,54,47,52,11,60,20,9,50,33,12,10,55,37,14,27,62,49,29,50,19,22,15,22,23,25,13,0,43,0,0
42,60,18,43,35,45,37,38,58,21,34,59,44,46,26,55,61,29,62,28,30,11,36,57,39,19,27,33,20,22,52,31,53,14,54,30,63,47,50,12,9,10,17,20,41,0,0
42,60,18,43,35,45,37,38,58,21,34,59,44,46,26,55,61,29,62,28,30,11,36,57,39,19,27,33,20,31,51,50,13,10,15,41,63,22,52,12,53,14,58,20,59,54,49,23,25,9,17,47,41,30,43,0,0
42,60,18,43,35,45,37,38,58,21,34,59,44,46,26,53,51,30,29,36,61,28,23,31,54,47,52,11,60,49,20,12,22,41,27,10,50,19,62,20,17,13,33,55,63,14,57,9,29,37,43,15,23,22,41,0,0
42,60,18,43,35,45,37,38,58,21,34,59,44,46,26,55,61,29,62,28,30,11,36,20,52,54,51,39,23,31,27,53,60,19,22,14,50,15,63,10,33,22,17,9,41,12,57,23,0,0
42,60,18,43,35,45,37,38,58,21,34,59,44,46,26,55,61,29,62,20,51,54,36,39,52,53,60,30,13,12,50,11,10,28,23,14,22,31,49,15,27,22,17,19,25,63,41,0,0
42,60,18,43,35,45,37,38,58,21,34,59,44,46,26,55,61,29,62,20,51,54,36,39,52,53,60,30,13,12,22,11,17,33,10,14,28,13,15,23,49,19,27,63,25,0,0
42,60,18,43,35,45,37,38,58,21,34,59,44,46,26,55,61,29,62,20,51,54,36,39,52,53,60,30,13,12,22,11,17,33,10,14,28,23,19,63,50,49,41,0,0
42,60,18,43,35,45,37,38,58,21,34,59,44,46,26,55,61,29,62,28,30,11,36,57,39,19,27,14,23,50,20,63,33,12,9,20,17,41,10,58,53,51,22,54,47,46,49,63,54,13,45,0,0
42,60,18,43,35,45,37,38,58,21,34,59,44,46,26,53,51,30,29,36,61,28,23,31,54,47,52,11,60,49,20,12,22,41,10,19,27,20,50,55,62,14,63,15,33,17,25,13,9,22,57,41,49,37,0,43,0,0
42,31,20,46,49,33,27,28,18,34,29,36,35,41,50,44,58,62,43,60,38,37,54,52,19,10,53,61,45,55,21,45,54,22,30,63,39,0,9,51,26,25,12,23,14,17,15,9,11,23,33,25,41,9,59,53,13,10,47,0,22,0,0
42,60,18,43,35,45,37,38,58,21,34,59,44,46,26,53,51,30,29,36,61,28,11,62,54,63,52,61,9,37,50,19,23,27,22,39,12,13,10,33,20,25,41,31,17,14,43,55,0,0
42,60,18,43,35,45,37,38,58,21,34,59,44,46,26,53,51,30,29,36,61,28,23,31,54,47,52,11,60,50,22,19,27,20,49,10,17,41,50,13,62,55,33,9,63,14,0,0
42,31,20,46,27,51,18,60,33,55,58,28,61,12,29,36,35,53,45,62,21,54,38,44,43,11,37,52,19,50,39,25,49,17,13,59,41,22,10,47,57,30,11,23,26,0,0
42,31,20,46,49,33,27,53,21,51,35,52,61,30,50,59,47,18,45,38,62,44,29,37,28,43,34,26,22,58,23,14,11,54,25,36,10,17,12,57,15,39,13,55,19,60,9,25,41,63,25,18,26,0,0
42,31,37,45,62,20,35,46,21,29,53,44,28,30,26,36,58,50,52,51,43,23,49,59,60,59,54,19,18,11,27,13,47,22,38,21,10,39,55,33,57,14,9,36,25,44,45,50,51,0,0
42,31,20,46,49,33,27,28,18,34,29,36,35,41,50,44,58,62,43,60,38,37,54,52,19,10,53,39,21,12,45,55,30,61,45,54,23,22,14,47,25,0,0
42,31,20,46,49,33,27,28,18,34,29,36,35,41,50,44,58,62,43,60,38,37,54,52,15,13,12,19,11,22,53,61,21,30,14,10,39,47,38,25,13,55,51,0,45,54,39,23,0,31,26,9,0,0
42,31,20,46,49,33,27,28,18,34,29,36,35,41,50,44,58,62,43,60,38,37,54,52,19,10,53,61,45,55,21,45,54,22,30,63,39,0,9,51,15,14,12,17,23,47,11,53,9,26,25,31,33,0,0
42,31,20,46,49,33,27,28,18,34,29,36,35,41,50,44,58,62,43,60,38,37,54,52,19,10,53,61,45,55,21,45,54,22,30,63,39,0,23,51,12,53,9,17,14,54,31,25,22,0,0
42,60,18,43,35,45,37,38,58,21,34,59,44,46,26,53,51,30,29,17,23,22,47,54,61,36,28,52,12,20,19,33,49,62,10,25,50,14,11,13,9,55,41,15,25,31,0,0
42,31,20,46,49,33,27,28,18,34,29,36,35,41,50,44,58,62,43,60,38,37,54,52,19,10,53,39,21,12,45,55,30,61,45,54,23,22,47,31,39,25,59,51,13,0,0
42,31,20,46,49,33,27,28,18,34,29,36,35,41,50,44,58,62,43,60,38,37,54,52,19,10,53,61,45,55,21,54,30,45,39,59,47,51,11,25,9,0,0
42,31,20,46,27,51,18,60,33,55,58,28,61,12,29,36,35,53,45,62,21,54,38,44,43,11,37,52,19,50,39,15,22,49,41,57,9,59,13,47,25,0,0
42,31,20,46,49,33,27,28,18,34,29,36,35,41,50,44,58,62,43,60,38,37,54,52,19,10,53,61,45,55,21,45,54,22,30,63,39,23,26,0,14,13,9,25,51,12,59,53,11,0,54,12,0,0
42,31,20,46,49,33,27,28,37,30,60,12,29,18,35,21,38,13,39,26,44,19,22,51,23,17,45,58,34,47,36,30,41,52,53,14,20,54,25,28,11,62,20,57,15,21,28,14,33,10,9,59,17,31,61,23,13,12,26,13,63,0,0
42,60,18,43,35,45,37,38,58,21,34,59,44,46,26,53,51,30,29,36,61,28,23,31,54,47,52,11,60,50,22,19,27,20,49,10,17,63,33,13,62,55,50,14,9,37,0,0
42,60,18,43,35,45,37,38,58,21,34,59,44,46,26,53,51,30,29,17,23,22,47,54,61,36,28,39,12,20,50,52,11,33,19,10,25,62,41,55,9,15,13,14,49,0,31,0,0
42,31,20,46,49,33,27,28,18,34,29,36,35,41,50,44,58,62,43,60,38,37,54,52,19,10,53,61,45,55,21,45,54,22,30,63,39,0,9,51,15,14,12,17,23,47,25,9,11,0,0
42,60,18,43,35,45,37,38,58,21,34,59,44,46,26,53,51,30,29,36,61,28,23,31,54,47,52,11,60,50,22,19,27,20,49,10,17,41,33,55,62,14,63,15,50,22,9,37,0,0
42,31,20,46,49,33,27,28,18,34,29,36,35,41,50,44,58,62,43,60,38,37,54,52,19,10,53,61,45,55,21,45,54,22,30,13,39,51,12,9,23,0,14,47,31,59,22,25,11,26,0,0
42,60,18,43,35,45,37,38,58,21,34,59,44,46,26,53,51,30,29,36,61,28,23,31,54,47,52,11,60,50,22,19,27,20,49,10,17,13,50,55,62,33,25,14,41,63,9,37,0,0
